<?xml version="1.0" standalone="no"?>
<!DOCTYPE svg PUBLIC "-//W3C//DTD SVG 20010904//EN"
 "http://www.w3.org/TR/2001/REC-SVG-20010904/DTD/svg10.dtd">
<svg version="1.0" xmlns="http://www.w3.org/2000/svg"
 width="499.000000pt" height="162.000000pt" viewBox="0 0 499.000000 162.000000"
 preserveAspectRatio="xMidYMid meet">

  <!-- Définition du dégradé bleu ciel -->
  <defs>
    <linearGradient id="gradientSkyBlue" x1="0%" y1="0%" x2="100%" y2="100%">
      <stop offset="0%" style="stop-color:rgb(135,206,250);stop-opacity:1" /> <!-- Bleu ciel clair -->
      <stop offset="100%" style="stop-color:rgb(70,130,180);stop-opacity:1" /> <!-- Bleu plus foncé -->
    </linearGradient>
  </defs>

<g transform="translate(0.000000,162.000000) scale(0.100000,-0.100000)"
fill="url(#gradientSkyBlue)" stroke="none">
<path d="M1776 1262 c-3 -5 -5 -85 -5 -178 l1 -169 -56 -3 c-58 -3 -65 2 -46
38 17 31 -8 60 -51 60 -34 0 -36 -1 -33 -32 4 -57 -3 -68 -48 -68 -37 0 -40 2
-33 23 15 40 17 197 4 228 -17 41 -65 79 -101 79 -19 0 -39 -10 -59 -29 l-29
-30 2 -183 3 -183 48 1 c38 0 47 -3 45 -15 -2 -9 -16 -22 -32 -29 -25 -13 -31
-12 -57 7 -50 37 -102 5 -76 -46 33 -63 98 -87 170 -64 37 13 97 71 97 95 0
23 24 26 180 26 115 0 150 3 159 14 9 10 11 62 10 168 -1 84 1 163 5 176 8 24
26 30 26 10 1 -7 0 -105 0 -217 -1 -140 3 -207 11 -217 14 -16 52 -18 80 -4
18 10 19 24 19 256 0 309 7 294 -131 294 -54 0 -100 -4 -103 -8z m-346 -227
c0 -117 -1 -125 -19 -125 -18 0 -20 8 -20 93 -1 91 12 157 30 157 5 0 9 -55 9
-125z"/>
<path d="M3558 1101 l-3 -166 -42 -3 c-41 -3 -43 -2 -43 23 0 62 -97 134 -162
120 -58 -12 -105 -50 -120 -97 -14 -42 -16 -43 -61 -46 -37 -2 -48 1 -56 16
-6 11 -21 26 -35 35 -24 16 -26 16 -47 -14 l-21 -30 26 -28 c31 -32 33 -51 8
-81 -18 -22 -54 -29 -84 -16 -12 5 -21 0 -33 -18 -34 -51 4 -96 81 -96 47 0
85 21 126 71 47 56 89 62 143 19 63 -50 126 -52 195 -5 28 18 52 24 117 27 46
3 88 10 97 17 13 11 16 39 16 158 0 138 9 191 31 178 5 -4 9 -94 9 -215 0
-114 3 -215 6 -224 8 -20 67 -21 87 -2 20 20 19 488 -1 524 -13 22 -18 23
-122 21 l-110 -1 -2 -167z m-170 -168 c6 -62 -65 -96 -109 -52 l-21 21 24 25
c49 53 101 56 106 6z"/>
<path d="M385 1232 c-17 -15 -50 -43 -73 -64 -53 -44 -55 -39 75 -195 51 -62
93 -116 93 -121 0 -5 -9 -21 -21 -36 -37 -47 -109 -23 -109 37 0 16 -5 18 -32
12 -49 -11 -53 -19 -33 -72 38 -102 102 -134 195 -97 36 14 45 25 70 81 27 60
29 67 16 98 -8 18 -30 50 -48 71 -75 84 -128 156 -123 165 16 25 31 11 182
-173 l104 -128 50 0 c49 0 49 0 49 -32 -1 -30 -2 -31 -14 -15 -8 11 -27 17
-50 17 -35 0 -36 -1 -36 -37 -1 -36 -2 -37 -15 -19 -8 11 -15 28 -15 39 0 15
-6 18 -37 15 -36 -3 -38 -5 -40 -41 -3 -48 29 -73 72 -57 21 8 36 8 57 -1 23
-9 32 -8 52 5 14 8 26 26 28 38 2 18 11 24 41 29 21 3 49 12 62 19 21 11 27
11 43 -3 23 -21 51 -22 80 -1 20 14 24 14 44 0 30 -21 60 -20 91 4 14 11 32
20 40 20 9 0 36 9 61 20 l46 19 0 58 c0 32 -3 75 -7 96 -6 37 -7 38 -42 35
-36 -3 -36 -3 -39 -55 l-3 -53 -35 0 c-33 0 -48 20 -24 35 14 8 13 78 -2 110
-9 21 -18 25 -53 25 l-42 0 -2 -82 c-2 -83 -10 -106 -31 -93 -7 4 -9 22 -4 50
3 24 3 62 -1 84 -7 40 -8 41 -46 41 l-39 0 0 -85 c0 -84 0 -85 -25 -85 -26 0
-26 1 -20 58 4 33 2 69 -4 85 -9 23 -16 27 -49 27 l-39 0 -2 -82 c-1 -45 -4
-84 -6 -87 -5 -5 -66 -4 -69 1 -10 14 -255 308 -271 325 l-20 22 -30 -27z"/>
<path d="M2155 1196 c-82 -75 -86 -61 53 -206 54 -56 91 -104 92 -116 0 -11
-11 -31 -25 -44 -21 -20 -30 -22 -53 -14 -16 5 -33 23 -42 42 -13 27 -19 31
-40 26 -14 -3 -29 -9 -34 -14 -16 -15 12 -86 48 -125 30 -31 39 -35 85 -35 65
0 109 22 117 58 4 15 15 44 26 64 17 35 17 41 4 73 -9 20 -52 74 -97 121 -72
76 -80 87 -65 96 21 12 62 -23 124 -104 41 -54 71 -62 96 -26 9 12 16 25 16
28 0 8 -223 240 -230 240 -3 0 -36 -29 -75 -64z"/>
<path d="M2752 1157 c-177 -97 -182 -100 -182 -131 0 -52 11 -56 152 -56 121
0 128 -1 128 -20 0 -19 -7 -20 -125 -20 l-126 0 -35 35 c-19 19 -38 35 -42 35
-4 0 -15 -14 -25 -32 -18 -31 -18 -31 9 -59 32 -33 27 -70 -11 -95 -21 -14
-30 -14 -55 -4 -17 7 -32 11 -34 9 -28 -37 -34 -53 -24 -74 29 -63 174 -58
193 7 4 13 17 33 28 46 19 20 30 22 126 22 99 1 178 13 210 34 16 10 9 76 -13
130 -20 49 -55 68 -121 67 -65 0 -72 14 -12 29 23 6 69 21 102 33 56 21 60 25
63 58 2 19 -3 46 -10 60 l-13 25 -183 -99z"/>
<path d="M4226 1252 c-3 -6 -83 -51 -176 -102 -94 -50 -171 -98 -171 -106 -1
-8 -2 -29 -3 -46 l-1 -33 140 0 c118 0 140 -2 140 -15 0 -12 -21 -16 -117 -18
l-116 -3 -32 -35 c-35 -40 -35 -53 1 -72 35 -18 761 -11 783 7 13 11 16 39 16
160 0 114 3 152 15 167 13 17 14 -6 15 -203 0 -188 2 -224 16 -237 18 -18 47
-20 75 -6 18 10 19 24 19 263 -1 194 -4 256 -14 270 -11 14 -30 17 -120 17
l-106 0 0 -165 0 -165 -29 0 c-27 0 -30 3 -33 38 -3 35 -5 37 -38 37 -28 0
-35 -4 -36 -20 -2 -54 -3 -55 -40 -55 -33 0 -36 2 -30 24 10 39 -2 56 -39 56
-32 0 -34 -2 -37 -37 -3 -36 -5 -38 -42 -41 -37 -3 -38 -2 -33 24 4 22 -2 35
-28 61 -30 30 -38 33 -94 33 -34 0 -61 4 -61 9 0 6 26 15 58 21 31 7 77 21
102 33 37 18 46 27 48 52 3 34 -22 103 -32 87z"/>
<path d="M1590 1200 c0 -27 4 -40 14 -40 7 0 27 -3 44 -6 24 -5 31 -2 37 14
10 35 -21 72 -61 72 -33 0 -34 -1 -34 -40z"/>
<path d="M1206 1192 c1 -48 9 -62 38 -62 34 0 49 24 42 65 -6 33 -10 35 -44
35 -36 0 -37 -1 -36 -38z"/>
<path d="M2475 1221 c-3 -2 -5 -21 -5 -41 0 -44 20 -65 55 -56 59 15 51 91
-11 98 -19 2 -37 2 -39 -1z"/>
<path d="M4304 1192 c-9 -47 23 -80 63 -66 57 20 33 105 -28 101 -24 -2 -30
-7 -35 -35z"/>
<path d="M1590 1091 c0 -32 4 -40 23 -45 65 -17 89 2 66 54 -12 26 -19 30 -51
30 -37 0 -38 -1 -38 -39z"/>
<path d="M2612 734 c4 -58 22 -73 64 -53 25 13 32 13 55 0 38 -22 79 -2 79 36
-1 40 -22 63 -59 63 -25 0 -31 -4 -31 -22 0 -13 -4 -29 -9 -37 -7 -11 -11 -10
-20 7 -6 11 -11 28 -11 36 0 12 -10 16 -36 16 l-35 0 3 -46z"/>
<path d="M4447 743 c-6 -52 20 -81 60 -67 55 19 37 104 -23 104 -29 0 -32 -3
-37 -37z"/>
<path d="M178 613 c8 -3 12 -36 12 -112 0 -91 3 -110 18 -124 16 -14 21 -15
45 -2 15 7 27 10 27 4 0 -14 33 -11 58 7 19 13 21 21 16 57 -3 23 -15 50 -25
59 -19 16 -19 17 3 20 33 4 34 36 2 69 -26 27 -33 29 -98 28 -39 0 -65 -3 -58
-6z m116 -18 c24 -24 -1 -75 -36 -75 -26 0 -36 30 -15 45 20 14 22 31 5 38 -7
3 -3 6 9 6 12 1 28 -6 37 -14z m16 -116 c16 -28 -11 -69 -46 -69 -34 0 -42 26
-15 51 11 11 21 24 21 29 0 18 29 10 40 -11z"/>
<path d="M438 611 c13 -8 -4 -65 -54 -179 -18 -41 -17 -42 2 -42 8 0 33 18 55
40 22 22 44 40 49 40 13 0 30 -34 30 -59 0 -23 35 -47 45 -31 6 9 -52 176 -76
222 -6 11 -21 18 -37 18 -18 0 -23 -3 -14 -9z m41 -80 c23 -44 20 -51 -21 -51
-21 0 -28 5 -28 19 0 11 5 23 10 26 6 3 10 15 10 26 0 28 7 23 29 -20z"/>
<path d="M588 614 c8 -4 12 -37 12 -115 0 -102 1 -109 20 -109 18 0 19 5 14
63 -2 34 -7 77 -9 95 -4 31 -1 29 37 -30 23 -35 50 -82 60 -105 20 -45 37 -53
59 -27 10 12 10 22 1 48 -7 18 -12 67 -12 109 0 45 -4 77 -10 77 -6 0 -10 -36
-10 -87 0 -100 -2 -100 -63 8 -39 68 -45 74 -77 76 -19 1 -29 0 -22 -3z"/>
<path d="M841 601 c-44 -44 -39 -157 10 -193 16 -12 29 -30 29 -40 0 -27 43
-44 75 -30 14 6 25 16 25 21 0 5 -11 12 -25 15 -14 4 -25 10 -25 15 0 5 9 7
20 4 34 -9 50 14 50 71 0 69 -16 122 -43 141 -30 21 -93 19 -116 -4z m92 -6
c30 -29 33 -138 5 -172 -15 -19 -65 -16 -72 4 -9 23 3 103 20 130 8 12 11 29
8 37 -8 21 19 21 39 1z"/>
<path d="M1028 608 c7 -7 12 -41 12 -84 0 -84 19 -139 52 -147 13 -4 24 -2 26
3 2 4 18 6 36 3 53 -8 63 14 52 127 -2 14 -4 44 -4 68 -1 23 -6 42 -12 42 -6
0 -10 -35 -10 -86 0 -101 -9 -124 -50 -124 -34 0 -60 34 -41 53 15 15 14 97
-1 130 -10 20 -20 27 -42 27 -23 0 -27 -3 -18 -12z"/>
<path d="M1248 613 c8 -3 12 -35 12 -112 0 -70 4 -111 12 -119 15 -15 58 -16
58 -2 0 6 9 10 20 10 11 0 20 -4 20 -9 0 -5 9 -7 21 -4 12 4 18 11 15 20 -3 8
-6 22 -6 31 -1 15 -2 15 -11 0 -6 -12 -22 -18 -45 -18 -46 0 -55 24 -20 51 14
11 24 25 21 30 -4 5 -1 9 4 9 6 0 11 -4 11 -10 0 -5 7 -10 15 -10 16 0 18 14
6 44 -5 14 -10 16 -15 8 -11 -17 -56 -15 -63 4 -3 9 3 21 15 30 12 8 19 21 16
29 -4 10 1 15 16 15 13 0 24 -8 27 -20 3 -11 9 -18 13 -15 5 3 6 14 3 25 -5
18 -13 20 -82 19 -42 0 -70 -3 -63 -6z"/>
<path d="M1571 599 c-30 -32 -36 -90 -16 -153 14 -43 23 -57 47 -67 21 -8 32
-9 36 -2 4 6 18 13 31 14 40 6 36 26 -4 21 -55 -7 -78 20 -70 78 4 25 13 55
21 67 7 12 11 29 8 37 -4 11 0 16 10 16 9 0 21 -11 25 -24 16 -40 51 -43 51
-5 0 42 -104 55 -139 18z"/>
<path d="M1738 613 c8 -3 12 -35 12 -108 0 -57 3 -110 6 -119 7 -18 64 -23 64
-6 0 13 37 13 42 -1 2 -5 11 -7 21 -3 11 4 16 13 13 21 -3 8 -6 22 -6 31 0 14
-2 13 -13 -2 -9 -12 -23 -17 -47 -14 -41 4 -48 20 -19 46 11 11 18 25 14 31
-3 6 0 11 8 11 8 0 18 -8 21 -17 11 -28 27 0 20 35 -6 28 -8 30 -18 16 -14
-18 -57 -16 -63 3 -3 7 5 20 15 29 11 9 18 23 15 30 -3 9 2 14 15 14 12 0 23
-9 27 -20 8 -26 25 -17 18 10 -5 18 -13 20 -82 19 -42 0 -70 -3 -63 -6z"/>
<path d="M1918 614 c8 -4 12 -37 12 -116 0 -99 2 -109 18 -106 15 3 17 13 14
73 -2 39 -6 79 -9 90 -9 37 45 -36 84 -112 36 -73 45 -81 72 -64 10 7 12 19 6
47 -5 22 -9 62 -10 89 -3 94 -5 105 -15 105 -6 0 -10 -36 -10 -87 0 -100 -2
-100 -63 8 -39 68 -45 74 -77 76 -19 1 -29 0 -22 -3z"/>
<path d="M2130 606 c0 -8 -3 -21 -6 -30 -3 -9 -1 -16 5 -16 6 0 16 11 21 25 6
15 17 25 30 25 19 0 20 -6 20 -109 0 -113 9 -138 43 -125 13 5 17 25 19 97 3
87 4 92 26 95 16 3 22 10 22 28 0 24 -1 24 -90 24 -71 0 -90 -3 -90 -14z m157
-13 c3 -7 -3 -9 -17 -6 -29 8 -37 25 -9 21 12 -1 24 -8 26 -15z"/>
<path d="M2338 506 c2 -85 7 -118 18 -126 11 -10 17 -10 29 0 17 14 20 81 4
97 -7 7 -7 13 -1 17 10 6 62 -72 62 -93 0 -17 35 -30 61 -24 13 3 43 26 66 50
50 52 67 51 83 -5 10 -39 10 -39 72 -46 42 -5 63 -4 68 4 5 8 20 9 45 4 34 -6
37 -5 32 10 -4 10 -7 23 -7 29 0 8 -4 7 -12 -1 -18 -18 -77 -15 -85 5 -4 9 -1
19 5 21 15 5 17 142 2 142 -5 0 -10 7 -10 15 0 10 -10 15 -32 15 -25 0 -29 -3
-20 -12 8 -8 12 -47 12 -110 0 -131 -18 -131 -60 -3 -34 106 -46 125 -78 125
-17 0 -22 -3 -15 -8 10 -6 5 -30 -20 -100 -42 -117 -50 -125 -76 -81 -12 19
-21 39 -21 46 0 6 -6 14 -12 17 -7 3 -1 3 14 0 20 -4 29 -1 37 14 17 33 13 51
-18 83 -26 25 -37 29 -88 29 l-58 0 3 -114z m98 96 c6 -4 13 -17 17 -30 7 -28
-23 -62 -53 -62 -24 0 -27 32 -5 50 9 7 13 21 10 31 -7 20 10 25 31 11z m185
-71 c19 -46 17 -51 -24 -51 -26 0 -29 3 -22 23 3 12 9 32 12 45 8 31 16 27 34
-17z"/>
<path d="M2907 612 c8 -5 13 -45 15 -116 3 -91 6 -111 20 -120 13 -8 23 -8 38
2 25 15 47 15 53 0 8 -23 37 14 30 40 -5 20 -7 21 -17 6 -14 -18 -77 -16 -83
3 -2 6 6 20 18 31 11 11 18 25 15 31 -4 5 -2 12 3 16 6 3 15 -4 21 -16 16 -29
33 -10 24 25 -5 20 -10 24 -17 17 -14 -14 -54 -14 -62 0 -4 5 0 18 9 28 9 10
16 25 16 34 0 25 41 22 47 -3 3 -11 9 -18 13 -15 5 3 6 14 3 25 -5 18 -14 20
-82 20 -42 0 -71 -4 -64 -8z"/>
<path d="M3198 613 c8 -3 12 -36 12 -113 0 -128 4 -135 85 -128 77 6 95 25 95
99 0 66 -10 99 -40 129 -17 17 -32 20 -92 19 -40 0 -67 -3 -60 -6z m126 -22
c20 -22 32 -87 22 -125 -8 -34 -33 -56 -62 -56 -28 0 -43 25 -25 43 6 6 11 32
11 58 0 26 5 51 10 54 6 4 8 15 5 26 -8 25 16 25 39 0z"/>
<path d="M3418 613 c8 -3 12 -35 12 -112 0 -70 4 -111 12 -119 15 -15 58 -16
58 -2 0 6 9 10 20 10 11 0 20 -4 20 -10 0 -12 10 -13 28 -1 9 5 11 17 6 36 -6
23 -8 25 -16 11 -10 -18 -73 -22 -83 -5 -4 6 3 21 15 34 12 13 19 28 16 34 -4
5 -2 12 3 16 6 3 15 -4 21 -16 16 -29 33 -10 24 25 -5 20 -10 24 -17 17 -14
-14 -54 -14 -62 0 -4 5 0 18 9 28 9 10 16 25 16 34 0 25 39 21 49 -5 4 -13 10
-17 14 -11 4 6 4 18 1 27 -5 13 -21 16 -83 15 -42 0 -70 -3 -63 -6z"/>
<path d="M3694 595 c-1 -14 4 -25 11 -25 7 0 12 8 11 18 -1 12 6 17 23 17 23
0 23 -1 23 -107 -1 -81 3 -109 14 -118 11 -10 17 -10 29 0 11 9 15 34 15 96 0
45 5 86 10 89 16 10 11 22 -12 30 -21 7 -22 7 -4 12 11 3 25 -2 31 -11 15 -20
25 -20 25 0 0 8 5 12 10 9 6 -3 10 -39 11 -78 1 -40 4 -83 8 -96 8 -30 62 -72
68 -53 3 8 15 11 37 7 47 -9 60 12 58 93 -5 153 -32 200 -32 56 0 -101 -9
-124 -50 -124 -33 0 -54 27 -39 51 13 21 11 101 -3 132 l-13 27 -115 0 -115 0
-1 -25z"/>
<path d="M4093 613 c9 -2 17 -10 18 -16 0 -7 0 -55 0 -109 0 -74 3 -98 14
-102 22 -8 24 2 16 97 -3 48 -4 87 -1 87 8 0 84 -130 96 -164 8 -23 17 -31 35
-31 26 0 26 0 19 115 -9 154 -28 179 -32 43 l-3 -88 -50 85 c-49 83 -52 85
-90 87 -22 1 -32 -1 -22 -4z"/>
<path d="M4332 603 c11 -14 14 -42 12 -115 -1 -74 2 -100 13 -109 35 -30 52
63 31 179 -11 60 -13 62 -41 62 -28 0 -29 -1 -15 -17z"/>
<path d="M4440 600 c-23 -23 -24 -33 -9 -63 21 -40 50 -65 69 -60 26 7 44 -28
26 -52 -10 -14 -22 -17 -55 -12 -30 4 -41 2 -38 -6 2 -7 18 -13 35 -15 18 -2
32 -8 32 -14 0 -12 48 -2 67 14 17 13 16 56 -1 86 -7 13 -30 33 -51 45 -51 29
-65 52 -44 72 12 13 21 13 48 4 33 -12 48 -8 36 10 -11 20 -93 13 -115 -9z"/>
<path d="M4600 605 c8 -10 12 -49 12 -114 -1 -75 2 -102 13 -111 11 -9 18 -10
29 -1 10 8 13 34 11 99 -4 123 -10 142 -47 142 -26 0 -29 -2 -18 -15z"/>
<path d="M4698 613 c8 -3 12 -35 12 -111 0 -59 4 -113 9 -121 5 -8 19 -12 35
-9 18 4 26 1 26 -9 0 -8 5 -11 11 -8 6 4 8 13 5 21 -3 9 1 14 13 14 11 0 21
-6 24 -12 9 -26 28 8 21 37 -6 23 -8 25 -16 11 -6 -10 -22 -16 -44 -16 -47 0
-57 26 -20 53 21 15 24 22 14 28 -10 7 -9 9 4 9 9 0 21 -7 26 -16 13 -24 26 0
17 33 -4 19 -9 23 -18 14 -14 -14 -54 -14 -62 0 -4 6 2 20 13 32 12 12 20 27
20 32 -3 21 32 16 40 -6 5 -13 11 -18 15 -12 4 6 4 18 1 27 -5 13 -21 16 -83
15 -42 0 -70 -3 -63 -6z"/>
<path d="M3161 334 c0 -11 3 -14 6 -6 3 7 2 16 -1 19 -3 4 -6 -2 -5 -13z"/>
</g>
</svg>
